1000 246805 499500
2000 997885 1999000
3000 2258143 4498500
4000 4019965 7998000
5000 6260740 12497500
6000 8981899 17997000
7000 12281156 24496500
8000 16051365 31996000
9000 20251578 40495500
10000 25027683 49995000
25000 156298885 312487500
50000 624934560 1249975000
100000 2501620218 4999950000
1000 246805 499500
2000 997885 1999000
3000 2258143 4498500
4000 4019965 7998000
5000 6260740 12497500
6000 8981899 17997000
7000 12281156 24496500
8000 16051365 31996000
9000 20251578 40495500
10000 25027683 49995000
25000 156298885 312487500
50000 624934560 1249975000
100000 2501620218 4999950000
1000 499500 499500
2000 1999000 1999000
3000 4498500 4498500
4000 7998000 7998000
5000 12497500 12497500
6000 17997000 17997000
7000 24496500 24496500
8000 31996000 31996000
9000 40495500 40495500
10000 49995000 49995000
25000 312487500 312487500
50000 1249975000 1249975000
100000 4999950000 4999950000
